<<<<<<< HEAD
3
physics -0.133520 0.099098 0.448370 0.944621 -0.329396 0.532400 -0.205758 1.250883 0.192920 -0.328320 0.166911 0.700112 -0.217357 -0.375226 0.239840 -0.054728 -0.240475 -0.361273 0.431347 0.498317 0.451260 0.886259 0.412604 -0.182685 0.547625 0.031786 0.715430 -0.415733 0.069716 -0.055917 0.527698 0.495485 0.444708 0.247623 0.216280 -0.379523 -0.101461 -0.748115 0.456463 -0.500951 -0.353267 0.745309 -0.587253 1.250521 0.290632 0.356402 -0.647514 0.751520 -0.060424 -0.225244 -0.015436 0.677255 -1.135935 0.447976 0.241549 -0.212453 0.176854 -0.139148 -0.344626 0.481440 0.268200 -0.292399 -0.462872 -0.008592 0.927500 -0.019539 -0.535505 -0.398106 -0.263931 -0.307163 0.154200 -0.277686 -0.520905 0.413994 0.363389 -0.609241 0.160532 0.324027 -0.308291 -0.521508 0.416799 0.376093 0.373979 -0.671294 0.519300 0.322980 0.332668 0.324897 1.422146 -0.186427 0.462489 0.719026 -0.612330 -0.144361 0.358203 0.747071 -0.021962 -0.196864 -0.337085 0.135121
computer_science -0.133821 0.559261 0.294548 0.327944 0.831346 -0.721135 0.200320 0.455869 -0.028705 0.203193 0.253146 0.037514 0.831647 -0.139738 0.254567 -0.248637 0.101483 -0.237395 0.620326 0.383002 0.282570 0.809822 -0.157098 -0.010075 0.786504 0.034630 0.387411 -0.587786 0.856392 0.608044 0.881065 0.830901 0.379316 0.056082 0.462392 -0.497948 0.013484 0.339546 0.089487 -1.082541 -0.004551 1.306029 -0.158677 0.089172 1.213460 0.558823 -1.766316 0.121945 -0.328463 0.424188 -0.368488 0.082264 -0.587062 0.010962 -0.292283 -0.041608 0.483444 0.576208 -0.300557 0.339059 1.091495 0.688559 0.509756 0.248151 0.943633 -0.126804 -0.761754 -0.279031 -0.355205 -1.094972 -0.648114 0.572250 0.089024 0.724296 0.057996 0.144500 0.286073 0.331250 -0.579268 -0.165571 -0.045725 0.043406 -0.422406 -0.196862 -0.081578 0.948887 -0.403346 -0.243774 -0.139778 0.346505 0.648789 -0.562054 -0.774552 -0.463301 -0.369749 0.926609 -0.018771 0.103463 0.039079 0.162681
electrical_engineering 0.133926 0.652490 0.549946 0.168839 0.069758 0.129701 -0.026330 0.503363 0.028249 -0.378178 0.032137 -0.500632 0.117959 -0.894295 -1.293646 -0.224641 0.025037 0.097317 0.141244 -0.274185 0.509619 0.162662 -0.643981 -0.461049 -0.339831 -0.524220 0.499464 -0.825691 0.140469 0.262518 0.524669 -0.404572 -0.411971 0.251326 0.203610 0.146476 0.176761 -0.808220 0.529084 -0.720492 -0.321190 0.077509 -0.481680 0.332109 0.975556 0.224910 0.156745 0.438999 -0.812771 -0.162199 -1.247764 0.441914 -0.087424 0.282546 0.020717 0.136015 0.154208 0.085244 -0.024132 -0.332870 0.127449 0.826547 0.578301 0.521214 1.524898 -0.517408 0.472559 0.281276 -0.043122 -1.073126 -0.137647 -0.548056 0.133626 0.478319 0.577519 -0.362711 -0.392313 0.299810 -0.574893 -0.169772 0.474603 -0.389310 0.090714 0.025441 -0.323775 0.169077 0.004967 -0.216995 0.806369 0.442345 0.104634 -0.251354 0.104355 0.224237 0.539056 0.960506 -0.223473 -0.256357 -0.463492 -0.254268
=======
2
machine_learning -0.584419 0.727254 -0.603311 -0.404932 -0.511528 0.495854 0.268532 0.439077 -0.514427 -0.466795 0.419606 0.332949 0.141641 -0.321772 0.330113 -0.304571 0.790505 -0.026739 0.322415 0.724159 0.632704 -0.175898 -0.321374 -0.255299 -0.039072 0.143416 0.462854 0.007272 0.665962 0.797457 -0.007753 0.389073 0.149146 -0.035964 0.043037 -0.139026 -0.047245 0.879667 0.175483 -0.211089 -0.302855 0.495926 -0.716077 0.902915 0.485676 -0.248875 -0.260593 0.395757 0.023706 0.612885 -0.374993 0.209836 -0.360005 0.999221 0.562804 -0.187027 0.356640 0.519853 0.236450 -0.024965 0.558566 -0.323286 -0.773195 0.621746 1.076669 -0.340407 -0.779486 -0.467928 -0.820189 -0.487369 -0.132978 0.768496 -0.715774 -0.209739 0.164443 0.520516 0.348620 0.077948 -0.264158 0.082578 0.261199 -0.264842 -0.412537 -1.085285 0.026841 1.119384 -0.138916 -0.366982 1.367074 -0.304567 -0.462169 -0.144661 -0.339249 0.140022 -0.487014 0.040484 0.003888 -0.312565 -0.643138 -0.032461
data_mining 0.581009 0.458254 0.081130 0.144164 0.119157 -0.375106 0.020998 -0.044869 0.577894 -0.568411 0.057654 -0.150961 -0.075692 0.494118 -0.507119 0.190619 -0.177764 -0.805091 0.435506 -0.211067 -0.335893 0.399344 0.255173 -0.800123 0.041889 -0.269329 0.097663 -0.284716 0.654334 0.025687 0.693873 0.148061 0.411841 0.326103 0.329389 -0.448542 -1.504606 0.278154 0.624340 -0.489510 -0.423215 -0.446573 -0.050071 -0.274356 0.575566 -0.137424 -0.045696 0.387374 -0.449123 0.550483 0.128237 -0.055981 -0.197589 -0.176730 0.365478 -0.101205 0.345507 -0.465693 -0.511896 0.770554 0.164570 0.167058 -0.808508 0.225271 1.228745 -0.512790 -1.269726 -0.787020 -0.024125 -0.129747 -0.461587 -0.862455 -0.651009 0.433356 -0.368951 -0.915632 1.041950 0.238059 0.268423 -0.006136 0.272081 -0.632741 -0.053000 0.604153 0.729261 0.713954 -0.188620 -0.736118 -0.244005 0.274790 -0.132975 -0.282973 -0.325586 -0.281310 0.298451 0.599660 0.357785 -0.434496 -0.946997 -0.868036
>>>>>>> 362da3e823371a868c6621364f8423a01237324a
